124996
39318
4470
96930
28514
28240
96798
112071
96946
129256
107212
96695
96656
2073
96682
97344
96920
36692
183338
124985
112014
28155
96937
124990
197769
124735
96957
124715
88882
124698
205452
197800
124903
4556
23864
124968
4554
96748
33989
28178
39717
96910
2338
97228
111014
2155
96847
4267
28617
28139
28149
4440
124951
124856
28241
96958
96824
124743
28266
102931
4547
4532
124763
4265
96651
4536
4542
28117
28424
1405
96749
96945
124953
98412
94301
4513
118658
28394
111011
124706
124970
4538
28124
96955
28167
124963
4521
4533
124949
1185
96668
96956
37789
4519
101443
113959
1403
124708
28481
96674
112611
28115
124967
4525
124958
36207
124737
4555
97058
2327
96918
124855
1472
28506
96919
4553
101466
101444
96725
124986
95116
96807
33569
96944
4529
28112
124966
100647
4545
96734
28132
28116
96949
23712
28512
28497
101463
124988
2054
96677
96951
124759
37324
106202
96736
2125
124965
4531
96779
96912
1407
124939
36233
4541
33570
28474
37790
124984
124945
2295
